structure(c(1.42180393552915, 86.5899178491882, 58.4279463385297, 
72.5782084880812, 94.7650395805866, 90.716798083558, 4.69523086857405, 
66.0275494756707, 99.5966041105792, 28.8464020557810, 32.5199596913345, 
32.8230902358943, 76.092718318592, 90.9491131042477, 67.7715461039384, 
92.797656673891, 62.8763250044725, 37.8377486848826, 94.8318271447979, 
16.9384257460335, 66.7528590475565, 72.7664750532169, 86.8409342723528, 
42.6672130775794, 99.405982755219, 9.87878796385573, 74.0013561791278, 
73.1367197183745, 95.3562400020557, 69.6064585052911, 74.8777135121351, 
78.0631738216763, 93.8781220125682, 56.9874829819862, 61.3674564946833, 
63.7014637339631, 72.5482760946146, 88.150868900621, 59.5874643583287, 
36.0187577356162, 75.6129656479724, 58.5589693499633, 61.5365704196823, 
45.4041207738696, 13.9846302678307, 68.6129614502687, 81.1038195579554, 
54.9328748464894, 56.0090012748281, 63.7824110302102, 71.9080963099627, 
76.2898655697447, 68.1971407037222, 1.79949925742100, 34.2445376879174, 
67.752421253536, 70.0160933011249, 59.9881388477488, 62.1375791537896, 
67.5026055163477, 55.4749773697637, 67.6559503769167, 99.8921368552586, 
99.7317640238283, 59.5870514252659, 61.1156890017716, 67.7897419835883, 
93.7373116639762, 64.8624836653151, 66.1630357404153, 70.3541452797023, 
50.3392945568402, 60.5756891936938, 65.6381806437015, 70.7699265549355, 
84.263331400059, 36.1455168687146, 63.4268691110022, 50.8403640938551, 
84.6038580009723, 99.253448377888, 44.5136280754846, 18.3862017952805, 
35.7157337732417, 84.9943843632923, 96.2500336638768, 51.939143733573, 
73.937482003108, 20.8390646918768, 13.3791143487625, 2.59180364981103, 
16.35253761228, 78.7863353881487, 77.0761412272873, 12.7493216227156, 
97.408350521328, 2.360943911914, 49.5031567931881, 40.9086587196003, 
89.0041084624836, 0.153641843226189, 0.7205303565414, 2.12973220584209, 
1.95184155151989, 2.36672693229437, 3.97881615724853, 4.6945903958973, 
4.97023833854362, 5.02848534249433, 5.93632710737556, 6.5305134302309, 
7.18124749660055, 7.59205544134417, 8.11782658102872, 9.7053179911583, 
9.69966472967054, 10.7491681958896, 11.7805969476189, 11.8846419362548, 
13.2638113615252, 13.6102190943924, 13.3331649454155, 13.3510625511294, 
14.2866348278910, 14.9188862315656, 17.1073522001289, 17.3771351386274, 
17.4970376938342, 17.6769213814467, 18.2937976371715, 18.1794471174431, 
18.4072881564515, 20.2907827372874, 20.7863900870053, 20.8977102997940, 
20.7898134065768, 21.4861476674877, 21.7151264355786, 22.4866743996941, 
22.9652880267625, 23.4036320422319, 24.3239211351899, 24.5629717030476, 
24.9067464934910, 25.3250969786023, 25.569835321831, 25.214928868463, 
26.3005548932358, 26.5032754860593, 27.9258713661520, 28.3114428871105, 
29.1348144906887, 29.5927445701307, 30.4762347883257, 30.0503599176301, 
30.0058225611238, 30.1513380348103, 30.9686341509616, 31.2913000003182, 
31.5440713840872, 32.7657602884727, 32.5231659352135, 32.5262426292818, 
33.3124010171537, 33.8478211625125, 33.8467915869427, 33.7026977228706, 
34.0596679268078, 34.7846046615822, 38.1673741083982, 37.9665159877312, 
38.8029702374719, 39.0682120522177, 39.5640346008735, 39.4240171975978, 
40.0765304172124, 41.6115850103115, 43.1095386110501, 43.3832096504008, 
45.4365823266182, 45.5690791790302, 46.1239852830125, 46.6768080701299, 
46.7602784573008, 47.285367886742, 48.2420712810108, 50.5906685558592, 
50.5316655747899, 51.3195670861564, 52.8660801235275, 54.8554989863782, 
54.8768757654533, 55.6908773693933, 57.0974418796826, 57.7205567191636, 
57.7134194371089, 58.3266436293085, 58.6607370311536, 59.3980795544102, 
59.9830194632018, 4, 3, 2, 3, 4, 2, 4, 4, 3, 3, 8, 2, 2, 6, 8, 
2, 4, 6, 5, 4, 8, 6, 3, 4, 4, 2, 1, 4, 3, 4, 4, 4, 3, 7, 4, 4, 
2, 6, 3, 8, 3, 2, 5, 3, 5, 8, 3, 8, 5, 1, 3, 8, 5, 7, 4, 3, 5, 
4, 6, 3, 5, 3, 6, 3, 5, 1, 2, 3, 3, 2, 5, 7, 3, 7, 1, 7, 3, 6, 
5, 5, 5, 2, 5, 6, 3, 2, 4, 6, 3, 2, 3, 2, 3, 2, 7, 3, 6, 4, 1, 
4, 1, 1, 0, 1, 0, 0, 0, 0, 0, 0, 1, 0, 0, 0, 1, 0, 0, 0, 1, 0, 
1, 0, 0, 0, 0, 1, 0, 0, 0, 0, 0, 0, 0, 0, 1, 0, 0, 1, 0, 1, 1, 
0, 1, 0, 0, 0, 1, 1, 0, 1, 1, 1, 0, 0, 0, 0, 0, 1, 0, 0, 0, 0, 
0, 0, 1, 1, 0, 0, 0, 0, 0, 0, 0, 0, 1, 1, 0, 0, 0, 1, 1, 1, 1, 
0, 0, 1, 1, 1, 0, 0, 0, 0, 0, 0, 0, 1, 0, 1, 0, 0, 7.57114372433513, 
6.85515173418126, 7.52609590470221, 3.5563844241623, 7.14112545928597, 
5.12301007753458, 3.87663849439702, 5.79586417334239, 4.70184865517279, 
6.21920562188609, 5.44360907485348, 4.51873716824026, 6.33491917603443, 
5.20292601299676, 6.59676653073395, 5.81501493098883, 7.54559052637168, 
5.6635169145202, 5.88625186391175, 6.18255547931158, 3.9011827688165, 
7.92338945754762, 7.08656410296135, 7.25722570643227, 6.23413330258138, 
5.88738222841769, 6.80735796658865, 5.28594790472374, 4.39548032693523, 
6.12184517302476, 6.74384685192469, 7.60827115628042, 5.07457171988406, 
8.50778221649775, 4.38150950099637, 7.52973226807595, 6.5506735931328, 
3.87367222602665, 6.3649749543402, 5.84328626826638, 4.12479223028613, 
5.88500632343836, 6.93493363615338, 6.66363247928469, 4.65955611058411, 
8.15391551804086, 6.76397691227767, 5.36981173805678, 5.98744841170566, 
7.11136219546026, 5.78287045204801, 6.14081537593665, 3.82726802701466, 
3.20879873107543, 6.17821147407116, 7.37261655390293, 6.52738206698354, 
7.04683222470034, 4.8916109987783, 6.56523496429719, 6.83082908120187, 
7.87149902967823, 5.62770948691443, 3.2651491532768, 3.59665266985329, 
6.54074671207657, 5.77568350127988, 5.96246550437346, 7.05488722838375, 
6.38605274449675, 4.96442316344611, 6.48378363921246, 3.84255493400238, 
4.38857837779543, 6.19366965736775, 4.84260035340659, 5.07260834973452, 
2.88965797522147, 7.15143574153486, 7.12539568924814, 7.40644952344348, 
6.59220641889174, 4.81483959103117, 5.32577121795078, 4.23104750753301, 
8.90629459075072, 7.92242700824242, 6.06571137725015, 6.31187612654388, 
6.60321800321983, 5.8189575929551, 7.40216872384802, 5.58163040684314, 
4.68926346360419, 4.50539905884038, 6.21368299483713, 3.96679382670128, 
5.61336655902108, 3.52559103095651, 6.69183050760578), .Dim = c(100, 
5), .Dimnames = list(NULL, c("x1", "x2", "x3", "x4", "x5")))
